C = [
-4.170206 -3.492457 -3.660391
-3.897211 -3.346407 -3.490090
-3.682699 -3.223233 -3.344521
-3.505722 -3.112994 -3.216415
-3.355598 -3.012175 -3.101553
-3.227151 -2.919678 -2.997732
-3.118002 -2.834574 -2.903279
-3.021060 -2.756232 -2.816435
-2.932626 -2.683172 -2.736024
-2.851687 -2.614533 -2.661086
-2.777335 -2.549729 -2.590782
-2.708635 -2.488468 -2.524684
-2.644998 -2.431406 -2.463590
-2.588866 -2.375258 -2.407667
-2.535915 -2.324657 -2.355359
-2.484493 -2.276946 -2.305734
-2.431046 -2.231419 -2.258487
-2.374598 -2.187963 -2.213361
-2.319379 -2.146510 -2.170105
-2.267888 -2.106898 -2.128481
-2.221715 -2.069164 -2.088368
-2.178183 -2.031888 -2.049609
-2.136042 -1.994163 -2.012119
-2.095009 -1.957665 -1.975983
-2.055084 -1.924782 -1.941525
-2.016254 -1.893696 -1.908639
-1.978475 -1.863631 -1.876482
-1.941694 -1.834482 -1.845045
-1.905826 -1.806107 -1.814408
-1.870710 -1.778238 -1.784442
-1.836229 -1.750896 -1.755012
-1.802220 -1.724207 -1.726033
-1.768666 -1.698170 -1.697417
-1.735520 -1.672636 -1.669067
-1.702796 -1.647435 -1.641061
-1.670439 -1.622570 -1.613436
-1.638384 -1.598035 -1.586241
-1.606560 -1.573819 -1.559402
-1.575060 -1.549892 -1.532836
-1.544647 -1.526167 -1.506463
-1.517600 -1.502530 -1.480191
-1.494581 -1.478916 -1.453963
-1.472829 -1.455208 -1.427786
-1.451601 -1.431436 -1.401608
-1.430909 -1.407392 -1.375353
-1.410822 -1.384134 -1.349059
-1.391189 -1.362242 -1.322779
-1.372009 -1.340624 -1.296793
-1.350743 -1.319135 -1.271605
-1.327384 -1.297932 -1.247834
-1.303943 -1.277128 -1.225294
-1.280812 -1.256781 -1.203412
-1.258083 -1.237047 -1.181841
-1.235794 -1.217827 -1.160642
-1.213955 -1.197672 -1.139863
-1.192607 -1.177189 -1.119570
-1.171596 -1.156959 -1.099861
-1.150764 -1.137162 -1.080786
-1.130019 -1.117712 -1.062247
-1.109388 -1.098568 -1.044226
-1.088916 -1.079581 -1.026563
-1.068683 -1.060724 -1.009058
-1.048672 -1.041964 -0.991234
-1.028873 -1.023346 -0.973000
-1.009159 -1.004929 -0.954901
-0.989418 -0.986687 -0.937165
-0.969577 -0.968581 -0.919736
-0.949563 -0.950583 -0.902582
-0.929425 -0.932675 -0.885698
-0.909062 -0.914908 -0.869087
-0.888633 -0.897315 -0.852679
-0.868180 -0.879881 -0.836420
-0.850305 -0.862500 -0.820217
-0.834911 -0.845054 -0.804107
-0.819858 -0.827474 -0.788044
-0.804757 -0.809722 -0.771992
-0.789546 -0.791717 -0.755982
-0.774260 -0.773623 -0.739959
-0.758896 -0.757032 -0.723891
-0.743451 -0.741219 -0.707763
-0.727997 -0.725504 -0.691525
-0.712702 -0.709678 -0.675162
-0.697641 -0.693823 -0.658634
-0.682809 -0.677928 -0.641906
-0.668204 -0.662091 -0.624977
-0.653831 -0.646281 -0.608067
-0.639728 -0.630527 -0.591759
-0.625882 -0.614832 -0.576167
-0.612227 -0.599149 -0.560699
-0.599039 -0.583501 -0.545127
-0.586086 -0.567921 -0.529444
-0.573836 -0.552413 -0.513707
-0.560629 -0.537006 -0.497975
-0.546448 -0.521713 -0.482166
-0.531261 -0.506577 -0.466301
-0.515048 -0.491630 -0.450390
-0.498983 -0.476948 -0.434475
-0.483185 -0.462548 -0.418549
-0.467395 -0.447441 -0.402655
-0.451700 -0.431459 -0.386850
-0.436058 -0.415625 -0.371083
-0.420399 -0.399944 -0.355381
-0.404737 -0.384328 -0.339756
-0.388986 -0.368648 -0.324228
-0.373124 -0.352958 -0.308835
-0.357120 -0.337322 -0.293633
-0.340931 -0.321716 -0.278673
-0.324536 -0.306053 -0.264015
-0.307952 -0.290349 -0.249736
-0.291174 -0.274644 -0.235793
-0.274149 -0.258874 -0.221919
-0.256812 -0.243027 -0.207633
-0.239255 -0.227150 -0.193243
-0.221182 -0.211271 -0.178996
-0.202939 -0.195370 -0.164875
-0.184045 -0.179464 -0.150795
-0.166489 -0.163572 -0.136727
-0.150225 -0.147637 -0.122731
-0.135250 -0.131568 -0.108874
-0.121555 -0.115320 -0.095166
-0.107720 -0.098854 -0.081602
-0.093577 -0.082166 -0.068129
-0.079401 -0.066475 -0.054704
-0.065090 -0.051961 -0.041285
-0.050700 -0.037381 -0.027850
-0.036340 -0.022726 -0.014427
-0.022003 -0.008080 -0.001018
-0.007788 0.006480 0.012453
0.006272 0.021012 0.026092
0.020221 0.035564 0.039952
0.034032 0.050075 0.054071
0.047656 0.064476 0.068412
0.061090 0.078799 0.082919
0.074344 0.093094 0.097484
0.087379 0.107314 0.111775
0.100118 0.121466 0.125300
0.112617 0.135562 0.138621
0.124927 0.149633 0.152072
0.137401 0.163682 0.165623
0.150038 0.177742 0.179235
0.162834 0.191837 0.192903
0.175780 0.205956 0.206656
0.188922 0.220010 0.220499
0.202290 0.233945 0.234402
0.215890 0.247684 0.248358
0.229726 0.261183 0.262407
0.243791 0.274434 0.276585
0.257696 0.287380 0.290887
0.271522 0.301911 0.305276
0.285245 0.316104 0.319764
0.298858 0.330075 0.334326
0.312356 0.343936 0.348901
0.325761 0.357675 0.363526
0.339119 0.371323 0.378346
0.352559 0.384878 0.393394
0.366132 0.398320 0.408646
0.379851 0.411694 0.423982
0.393775 0.425052 0.439302
0.407933 0.438402 0.454551
0.422367 0.451732 0.469650
0.437012 0.465010 0.484538
0.451776 0.478250 0.499286
0.466226 0.491448 0.513717
0.480330 0.504684 0.527994
0.494072 0.517960 0.542202
0.507466 0.531264 0.556221
0.520541 0.544668 0.570326
0.533284 0.558277 0.584533
0.545689 0.572173 0.598917
0.557759 0.586292 0.613227
0.569521 0.600654 0.627378
0.581522 0.615368 0.641371
0.593670 0.628049 0.655173
0.605957 0.641174 0.668826
0.618334 0.654550 0.682328
0.630820 0.667971 0.695618
0.643408 0.681369 0.708656
0.655986 0.694703 0.721234
0.668386 0.707977 0.733345
0.680627 0.721227 0.745062
0.692797 0.734383 0.756576
0.704908 0.747418 0.768070
0.716931 0.760384 0.779604
0.728818 0.773276 0.791287
0.740524 0.786129 0.803052
0.752091 0.798875 0.814775
0.763493 0.811445 0.826648
0.774758 0.823762 0.838412
0.785863 0.835861 0.849968
0.796749 0.847760 0.861496
0.807371 0.859485 0.872713
0.817810 0.871032 0.883643
0.828527 0.882400 0.894215
0.839540 0.893667 0.904717
0.850835 0.904869 0.915208
0.862374 0.915993 0.925713
0.874146 0.927064 0.936260
0.886222 0.938120 0.946833
0.898678 0.949150 0.957466
0.911459 0.960083 0.968205
0.924730 0.970774 0.978994
0.937935 0.982596 0.989904
0.951305 0.995296 1.000969
0.964753 1.008095 1.012265
0.978254 1.021081 1.023766
0.992037 1.034268 1.035358
1.006226 1.047543 1.047026
1.020738 1.060998 1.058648
1.035472 1.074597 1.070324
1.050395 1.088407 1.082169
1.065549 1.102526 1.094218
1.080963 1.116869 1.106473
1.096702 1.131482 1.118868
1.112751 1.146390 1.131329
1.129106 1.161527 1.143789
1.145668 1.176840 1.156254
1.161874 1.192345 1.168980
1.177779 1.208062 1.182843
1.193362 1.223936 1.197180
1.208521 1.240005 1.211704
1.223388 1.256236 1.226390
1.238043 1.272665 1.241221
1.252491 1.289403 1.256259
1.266669 1.306556 1.271555
1.280361 1.324288 1.287171
1.294382 1.340902 1.303222
1.308552 1.356902 1.319715
1.323086 1.373286 1.336498
1.337621 1.390006 1.353639
1.352359 1.407062 1.371518
1.367173 1.425123 1.390844
1.382216 1.444091 1.411672
1.397621 1.463457 1.433302
1.412883 1.483132 1.455354
1.428286 1.503018 1.477772
1.443762 1.523160 1.500669
1.459287 1.543400 1.524015
1.474880 1.563722 1.547741
1.490507 1.584217 1.571789
1.506226 1.604855 1.596071
1.522021 1.625507 1.620189
1.537762 1.646121 1.643134
1.552726 1.665484 1.664310
1.566952 1.683390 1.683859
1.580979 1.701017 1.703147
1.594779 1.718336 1.722148
1.608363 1.735322 1.740830
1.621755 1.751982 1.759182
1.634960 1.768337 1.777196
1.647974 1.784409 1.794872
1.660810 1.800208 1.812226
1.673475 1.815754 1.829288
1.685989 1.831066 1.846073
1.698345 1.846154 1.862591
1.698345 1.846154 1.862591
1.698345 1.846154 1.862591
];
